0
2
3
4
6
7
8
9
11
12
13
14
15
16
17
18
19
20
21
22
23
25
26
27
28
29
31
33
34
36
37
38
39
42
43
44
45
46
47
48
50
51
52
55
56
57
58
59
60
61
63
67
68
69
70
71
72
74
75
76
77
78
79
80
81
83
84
85
86
87
90
91
92
94
95
96
97
100
101
103
104
105
106
108
110
111
112
113
115
116
117
118
119
120
122
123
124
125
126
128
129
130
131
132
134
135
136
137
138
139
140
141
142
143
144
145
148
149
150
151
153
155
156
157
158
159
160
161
162
163
164
166
167
168
170
172
173
176
177
179
180
181
182
183
184
185
190
192
193
194
195
197
198
199
201
202
204
206
207
208
210
211
213
214
217
218
219
220
221
222
223
225
226
227
228
229
230
231
233
236
241
242
244
246
248
249
250
252
253
254
255
256
257
258
259
261
263
264
265
266
267
268
270
271
273
274
275
277
278
279
280
283
284
286
288
290
293
294
295
296
297
298
299
300
302
303
304
305
306
307
308
309
311
315
317
318
319
320
323
324
326
327
329
333
334
335
339
340
341
342
343
344
346
350
352
353
354
356
358
359
360
361
362
363
364
365
366
367
368
370
372
373
374
375
378
379
380
381
384
385
386
387
388
389
390
391
392
393
395
396
398
399
400
401
402
403
404
405
406
407
408
409
410
411
412
413
414
415
416
417
419
421
424
425
427
428
430
431
432
433
434
439
440
441
442
444
447
448
449
450
451
453
454
457
459
461
469
470
474
475
476
478
479
480
481
483
484
485
487
488
489
490
493
494
496
497
500
502
505
507
508
509
510
511
512
513
514
516
517
518
520
522
523
524
525
527
528
529
537
538
539
540
541
542
543
545
546
548
549
550
551
552
553
554
555
556
557
559
560
562
563
566
567
569
570
574
576
577
578
579
582
583
584
585
587
588
589
590
592
594
595
596
597
598
599
600
601
602
603
604
606
607
608
609
610
611
612
614
615
616
617
618
619
620
621
625
626
627
628
631
633
634
635
636
637
639
641
642
643
644
648
650
651
652
653
654
655
656
657
658
659
660
661
662
663
664
665
666
667
668
672
673
675
676
679
680
682
683
684
685
687
688
689
690
691
692
693
695
697
698
699
701
702
703
704
706
707
711
712
714
715
716
717
719
720
721
722
723
724
725
727
728
730
731
732
733
734
735
736
737
739
740
741
742
743
744
747
748
749
751
753
754
755
759
760
762
763
765
766
769
770
771
772
773
774
775
776
777
778
779
781
782
783
784
785
786
787
788
790
791
793
794
795
796
797
798
800
803
804
805
806
813
814
816
