0
16
36
54
84
109
133
154
174
193
211
232
255
276
296
318
337
363
384
406
431
453
474
492
520
535
557
578
603
622
642
664
683
704
722
742
761
782
815
837
858
881
910
933
953
972
994
1018
1040
1058
1077
1093
1118
1143
1171
1193
1217
1237
1263
1291
1319
1338
1355
1375
1395
1411
1427
1453
1473
1499
1528
1555
1586
1608
1631
1647
1663
1683
1711
1734
1759
1786
1805
1823
1844
1869
1890
1911
1927
1949
1968
1988
2010
2029
2055
2078
2094
2113
2131
2155
2175
2197
2218
2233
2257
2279
2300
2322
2346
2373
2400
2425
2451
2474
2496
2517
2539
2558
2575
2591
2616
2640
2670
2693
2709
2726
2746
2772
2795
2816
2834
2854
2878
2899
2921
2944
2966
2990
3013
3032
3052
3069
3094
3113
3131
3151
3170
3199
3218
3246
3267
3289
3308
3331
3356
3384
3413
3437
3462
3486
3504
3523
3541
3560
3590
3614
3633
3653
3674
3697
3718
3740
3762
3788
3816
3838
3858
3876
3895
3916
3932
3956
3977
4006
4030
4052
4072
4091
4113
4131
4154
4176
4194
4219
4241
4264
4283
4303
4327
4349
4369
4391
4421
4439
4464
4486
4507
4529
4544
4568
4586
4610
4627
4646
4677
4696
4715
4735
4754
4796
4819
4845
4864
4883
4909
4930
4948
4967
4993
5017
5040
5061
5096
5114
5133
5156
5178
5198
5222
5244
5264
5297
5319
5344
5366
5392
5422
5442
5460
5477
5493
5508
5524
5539
5556
5572
5585
5607
5634
5655
5674
5693
5713
5739
5764
5783
5805
5825
5840
5860
5877
5901
5925
5947
5965
5987
6008
6030
6050
6073
6094
6116
6136
6165
6190
6214
6245
6271
6300
6320
6343
6367
6390
6409
6429
6448
6471
6495
6513
6532
6555
6573
6589
6606
6627
6647
6673
6696
6717
6739
6765
6785
6802
6818
6831
6850
6867
6888
6905
6931
6956
6975
6998
7016
7038
7059
7079
7098
7120
7138
7156
7184
7218
7246
7268
7290
7309
7335
7363
7387
7408
7430
7455
7483
7506
7530
7552
7575
7598
7625
7646
7673
7693
7712
7731
7756
7780
7802
7820
7837
7855
7873
7892
7914
7936
7957
7980
8003
8027
8044
8064
8084
8116
8150
8177
8197
8221
8237
8262
8281
8301
8322
8340
8360
8376
8397
8420
8446
8469
8493
8512
8526
8547
8565
8587
8608
8629
8647
8671
8692
8714
8735
8755
8776
8796
8814
8837
8853
8872
8899
8921
8948
8970
8993
9018
9048
9072
9095
9114
9135
9153
9175
9192
9206
9229
9251
9272
9296
9321
9341
9360
9386
9415
9439
9460
9488
9510
9535
9562
9588
9608
9632
9653
9670
9695
9718
9742
9763
9785
9808
9831
9852
9874
9904
9928
9946
9974
9999
10021
10043
10065
10085
10107
10128
10141
10157
10180
10204
10228
10249
10278
10298
10320
10340
10363
10385
10406
10426
10450
10477
10495
10517
10543
10564
10584
10605
10625
10644
10660
10676
10700
10724
10747
10770
10792
10810
10834
10857
10878
10902
10927
10950
10973
10995
11016
11044
11066
11092
11111
11143
11162
11181
11204
11226
11250
11273
11301
11326
11346
11370
11393
11416
11434
11459
11482
11499
11527
11548
11570
11588
11610
11634
11657
11676
11695
11722
11742
11764
11792
11816
11838
11858
11880
11901
11919
11939
11958
11983
12015
12041
12062
12083
12107
12127
12150
12169
12193
12218
12240
12265
12292
12318
12338
12365
12385
12409
12434
12455
12481
12502
12518
12533
12547
12562
12583
12602
12625
12648
12669
12697
12722
12740
12763
12783
12807
12829
12848
12872
12894
12913
12931
12945
12960
12977
12992
13013
13035
13069
13094
13119
13144
13168
13189
13214
13238
13262
13283
13302
13323
13347
13366
13389
13410
13433
13452
13480
13506
13535
13556
13578
13601
13623
13645
13665
13696
13715
13745
13782
13820
13845
13861
13881
13898
13922
13946
13962
13994
14013
14032
14057
14082
14102
14126
14150
14174
14192
14210
14231
14258
14282
14306
14325
14348
14371
14393
14415
14433
14450
14473
14495
14514
14533
14557
14582
14602
14627
14646
14666
14685
14708
14725
14746
14762
14777
14793
14813
14833
14854
14877
14899
14920
14941
14961
14984
15000
15023
15044
15065
15085
15107
15131
15150
15168
15190
15209
15228
15252
15276
15297
15317
15339
15363
15384
15409
15430
15452
15479
15499
15522
15551
15579
15602
15631
15648
15669
15690
15719
15742
15764
15784
15807
15829
15847
15875
15902
15935
15960
15989
16012
16030
16050
16073
16092
16121
16147
16170
16190
16216
16243
16266
16288
16311
16334
16357
16386
16408
16429
16451
16474
16495
16518
16537
16560
16585
16609
16631
16665
16683
16708
16729
16751
16772
16791
16811
16838
16863
16887
16913
16939
16957
16977
16998
17017
17040
17061
17079
17105
17131
17156
17179
17199
17215
17239
17272
17303
17323
17349
17372
17391
17418
17440
17465
17486
17504
17522
17545
17568
17593
17622
17650
17683
17705
17723
17743
17766
17788
17803
17816
17832
17863
17884
17905
17924
17941
17967
17993
18019
18039
18058
18078
18099
18121
18148
18168
18190
18214
18231
18258
18277
18296
18319
18341
18357
18370
18383
18399
18417
18436
18467
18488
18514
18537
18558
18581
18601
18623
18644
18665
18679
18700
18721
18746
18770
18791
18825
18845
18868
18889
18907
18926
18943
18958
18980
19001
19021
19045
19067
19085
19107
19135
19161
19180
19201
19224
19245
19266
19281
19295
19316
19337
19361
19381
19400
19420
19441
19461
19480
19503
19525
19542
19566
19593
19616
19640
19659
19682
19702
19727
19747
19770
19788
19816
19845
19871
19896
19918
19938
19964
19984
20003
20022
20043
20063
20093
20118
20141
20164
20189
20207
20226
20251
20270
20291
20316
20336
20354
20372
20394
20413
20432
20451
20471
20493
20512
20529
20553
20576
20599
20624
20643
20663
20688
20709
20730
20751
20772
20793
20813
20834
20868
20890
20908
20930
20949
20971
20997
21027
21046
21071
21093
21113
21133
21155
21179
21195
21219
21243
21269
21298
21318
21341
21366
21393
21419
21446
21475
21507
21537
21565
21586
21608
21629
21650
21674
21703
21732
21762
21782
21804
21828
21855
21882
21903
21927
21943
21965
21986
22007
22022
22044
22070
22090
22110
22138
22152
22172
22198
22226
22244
22262
22282
22311
22333
22354
22376
22395
22415
22436
22452
22479
22498
22519
22538
22563
22586
22604
22629
22653
22677
22699
22719
22737
22755
22779
22800
22820
22839
22859
22882
22904
22923
22942
22963
22984
22999
23017
23044
23069
23093
23110
23131
23152
23176
23199
23220
23241
23263
23283
23307
23328
23345
23363
23386
23408
23425
23449
23466
23487
23510
23533
23555
23576
23598
23620
23639
23661
23683
23709
23735
23764
23790
23815
23838
23862
23879
23902
23924
23946
23973
23996
24015
24035
24060
24081
24101
24119
24138
24156
24175
24200
24221
24250
24275
24294
24318
24346
24374
24395
24411
24429
24452
24474
24493
24517
24538
24564
24586
24606
24622
24642
24661
24682
24701
24720
24737
24760
24784
24807
24826
24847
24866
24902
24933
24955
24976
25014
25037
25059
25079
25108
25126
25147
25166
25189
25210
25229
25250
25274
25295
25325
25344
25367
25391
25417
25437
25460
25484
25510
25534
25553
25573
25593
25614
25640
25659
25680
25697
25715
25742
25762
25786
25811
25829
25852
25879
25906
25928
25953
25976
25999
26026
26051
26072
26104
26120
26143
26161
26180
26198
26219
26239
26262
26285
26304
26324
26343
26363
26385
26410
26429
26448
26472
26494
26513
26536
26559
26578
26598
26622
26643
26667
26692
26715
26747
26778
26797
26819
26841
26862
26885
26904
26924
26947
26969
26996
27022
27043
27064
27084
27101
27120
27150
27175
27196
27216
27231
27250
27269
27289
27309
27322
27338
27356
27381
27404
27436
27453
27473
27494
27516
27536
27555
27573
27588
27612
27637
27663
27687
27709
27741
27765
27790
27810
27826
27847
27873
27898
27924
27948
27969
27994
28013
28035
28059
28076
28095
28127
28150
28170
28193
28210
28231
28254
28277
28297
28320
28342
28363
28377
28402
28421
28444
28461
28480
28508
28527
28546
28563
28582
28602
28624
28646
28667
28683
28704
28725
28753
28785
28804
28818
28834
28851
28866
28886
28916
28944
28969
28993
29012
29030
29055
29080
29099
29123
29146
29169
29191
29211
29229
29251
29276
29296
29315
29340
29361
29388
29408
29433
29454
29477
29503
29526
29546
29568
29588
29611
29633
29659
29680
29700
29723
29747
29771
29793
29814
29834
29861
29885
29911
29932
29949
29970
29989
30010
30031
30056
30076
30094
30110
30132
30159
30177
30196
30221
30252
30273
30297
30318
30345
30367
30380
30398
30418
30438
30460
30483
30505
30524
30547
30564
30588
30609
30626
30646
30673
30694
30719
30738
30759
30779
30800
30817
30833
30847
30867
30893
30914
30934
30966
30990
31015
31035
31055
31085
31106
31129
31151
31176
31203
31234
31258
31278
31303
31330
31355
31374
31405
31426
31449
31475
31494
31517
31542
31574
31601
31619
31642
31664
31683
31709
31753
31787
31804
31824
31838
31852
31870
31898
31917
31944
31967
31993
32018
32037
32060
32081
32106
32138
32163
32186
32213
32235
32257
32279
32295
32311
32336
32354
32384
32406
32434
32461
32487
32506
32529
32552
32571
32591
32609
32624
32654
32683
32710
32737
32757
32785
32804
32825
32845
32869
32888
32911
32939
32960
32983
33008
33026
33042
33056
33076
33098
33124
33147
33172
33204
33231
33256
33279
33306
33337
33361
33384
33411
33431
33450
33468
33488
33510
33531
33556
33579
33602
33620
33639
33664
33687
33711
33732
33756
33776
33796
33819
33845
33872
33902
33924
33944
33971
33997
34016
34035
34050
34071
34092
34113
34135
34155
34181
34206
34232
34256
34274
34299
34321
34347
34365
34389
34411
34438
34458
34480
34504
34530
34560
34583
34608
34627
34646
34673
34692
34705
34724
34748
34768
34789
34815
34831
34855
34874
34895
34915
34937
34958
34981
35004
35034
35052
35070
35092
35116
35138
35167
35198
35220
35251
35273
35293
35314
35336
35361
35387
35409
35434
35455
35480
35499
35519
35544
35563
35589
35609
35641
35670
35692
35713
35736
35760
35781
35802
35817
35834
35858
35881
35905
35937
35958
35979
35998
36024
36047
36072
36099
36123
36146
36171
36191
36211
36228
36245
36263
36291
36316
36337
36357
36375
36416
36441
36463
36488
36512
36529
36543
36559
36577
36601
36624
36641
36659
36677
36702
36723
36747
36767
36791
36813
36837
36860
36881
36895
36914
36943
36968
36998
37026
37045
37067
37081
37098
37115
37129
37150
37165
37182
37197
37213
37234
37258
37273
37293
37309
37323
37343
37365
37398
37419
37435
37457
37477
37499
37520
37545
37563
37582
37604
37629
37651
37675
37700
37722
37740
37758
37783
37807
37834
37855
37873
37900
37927
37948
37978
38003
38021
38042
38061
38083
38103
38126
38147
38168
38189
38219
38243
38265
38288
38317
38355
38383
38406
38431
38453
38471
38492
38514
38545
38567
38587
38609
38637
38660
38685
38708
38735
38755
38774
38792
38813
38834
38853
38875
38893
38914
38935
38960
38986
39011
39032
39053
39080
39101
39125
39145
39166
39190
39209
39229
39260
39286
39315
39338
39359
39385
39409
39436
39465
39493
39526
39552
39579
39603
39622
39644
39674
39703
39726
39748
39769
39791
39824
39846
39863
39884
39902
39923
39943
39972
39997
40013
40038
40054
40085
40101
40121
40139
40163
40186
40206
40227
40242
40261
40278
40299
40319
40343
40362
40385
40408
40427
40450
40475
40498
40516
40549
40576
40597
40619
40641
40663
40680
40702
40723
40742
40767
40791
40811
40832
40855
40874
40895
40912
40935
40951
40973
40994
41013
41040
41078
41098
41120
41138
41157
41180
41204
41218
41238
41265
41290
41309
41327
41356
41381
41400
41421
41438
41461
41479
41497
41526
41543
41565
41596
41619
41637
41663
41687
41710
41731
41755
41779
41798
41822
41846
41874
41892
41910
41927
41943
41972
41993
42014
42033
42055
42079
42099
42114
42134
42166
42185
42207
42229
42249
42265
42290
42313
42335
42358
42381
42406
42422
42445
42469
42492
42518
42541
42565
42581
42605
42627
42653
42681
42704
42723
42742
42764
42783
42803
42823
42842
42864
42886
42905
42936
42966
42992
43018
43039
43061
43088
43113
43143
43163
43188
43208
43234
43251
43276
43310
43334
43357
43375
43396
43420
43439
43460
43481
43512
43531
43559
43577
43600
43626
43649
43672
43692
43714
43739
43758
43782
43802
43818
43838
43857
43881
43900
43916
43936
43960
43984
44011
44030
44054
44075
44095
44114
44128
44148
44164
44185
44202
44220
44237
44258
44282
44305
44340
44356
44379
44398
44423
44444
44464
44484
44504
44522
44541
44563
44585
44604
44622
44643
44669
44687
44707
44731
44748
44766
44788
44810
44829
44848
44868
44894
44916
44937
44958
44981
45001
45019
45047
45075
45092
45112
45135
45155
45176
45195
45214
45234
45256
45275
45298
45317
45333
45352
45369
45397
45418
45434
45449
45464
45485
45504
45526
45544
45561
45577
45597
45621
45638
45665
45689
45707
45725
45744
45762
45777
45795
45817
45836
45863
45880
45902
45921
45935
45950
45969
45987
46005
46022
46040
46062
46079
46096
46115
46132
46151
46168
46189
46206
46223
46240
46257
46275
46293
46312
46328
46344
46365
46390
46412
46430
46447
46468
46486
46508
46525
46546
46563
46582
46600
46622
46640
46657
46676
46694
46715
46736
46753
46774
46803
46821
46840
46859
46879
46898
46918
46934
46955
46973
46991
47009
47031
47060
47079
47100
47121
47139
47163
47198
47221
47244
47262
47282
47300
47321
47340
47362
47383
47404
47426
47448
47467
47489
47510
47531
47548
47567
47583
47601
47618
47638
47662
47682
47707
47746
47764
47780
47800
47817
47835
47854
47879
47897
47918
47935
47952
47972
47991
48007
48025
48042
48061
48080
48100
48123
48145
48166
48185
48208
48229
48257
48283
48306
48323
48339
48356
48375
48394
48414
48430
48452
48472
48489
48510
48529
48550
48572
48590
48610
48634
48660
48680
48702
48729
48760
48778
48795
48813
48831
48848
48864
48880
48898
48916
48934
48952
48973
48994
49014
49035
49052
49069
49086
49111
49135
49154
49173
49192
49208
49226
49243
49271
49287
49311
49336
49354
49374
49396
49419
49435
49451
49467
49483
49500
49517
49536
49553
49570
49587
49609
49631
49651
49675
49708
49734
49755
49782
49804
49831
49852
49868
49885
49903
49927
49945
49962
49985
50002
50027
50046
50068
50085
50103
50122
50139
50158
50175
50192
50211
50229
50246
50268
50290
50311
50332
50351
50371
50393
50414
50435
50456
50472
50488
50505
50530
50552
50578
50596
50615
50635
50657
50673
50691
50716
50734
50758
50775
50794
50813
50838
50867
50887
50906
50927
50952
50969
50992
51008
51028
51050
51071
51088
51109
51131
51148
51171
51194
51213
51229
51248
51265
51281
51298
51316
51336
51353
51370
51389
51411
51432
51449
51470
51487
51510
51536
51554
51573
51593
51612
51643
51665
51685
51707
51724
51746
51762
51779
51795
51813
51831
51852
51869
51886
51906
51923
51941
51968
51991
52012
52033
52050
52067
52085
52105
52125
52154
52171
52194
52213
52232
52252
52269
52289
52306
52323
52340
52358
52375
52396
52419
52437
52453
52475
52492
52509
52524
52542
52565
52584
52604
52629
52647
52667
52688
52708
52726
52744
52763
52782
52799
52818
52840
52859
52882
52898
52917
52936
52958
52978
52998
53014
53031
53059
53077
53098
53115
53140
53165
53187
53209
53228
53245
53261
53281
53304
53324
53346
53364
53383
53403
53424
53444
53466
53484
53502
53520
53540
53559
53577
53599
53622
53641
53666
53690
53709
53726
53743
53763
53783
53800
53821
53844
53863
53888
53909
53927
53945
53964
53980
53997
54016
54034
54052
54070
54087
54109
54128
54147
54165
54186
54214
54231
54255
54273
54300
54329
54349
54373
54389
54410
54431
54451
54468
54484
54503
54525
54546
54571
54587
54607
54629
54648
54667
54688
54707
54724
54742
54760
54782
54800
54822
54847
54866
54884
54905
54926
54948
54973
54990
55008
55026
55050
55068
55088
55110
55133
55153
55177
55194
55214
55233
55253
55271
55289
55312
55329
55347
55367
55385
55402
55420
55438
55458
55478
55500
55520
55543
55560
55580
55610
55632
55655
55686
55708
55728
55749
55768
55787
55805
55821
55837
55855
55872
55889
55905
55928
55947
55970
55999
56023
56039
56060
56077
56096
56114
56142
56160
56180
56201
56223
56244
56260
56279
56297
56314
56333
56356
56373
56391
56411
56430
56457
56476
56497
56513
56529
56547
56563
56581
56599
56617
56634
56651
56668
56690
56710
56727
56744
56769
56793
56816
56839
56858
56876
56894
56913
56932
56951
56970
56993
57011
57030
57056
57074
57091
57110
57131
57152
57178
57203
57219
57239
57260
57278
57305
57334
57358
57375
57394
57413
57429
57446
57463
57484
57502
57519
57542
57561
57578
57596
57614
57640
57658
57682
57699
57716
57735
57753
57776
57799
57817
57838
57856
57878
57902
57921
57939
57959
57986
58011
58037
58059
58077
58096
58114
58130
58147
58163
58184
58204
58221
58243
58265
58293
58315
58336
58357
58378
58395
58415
58435
58456
58472
58493
58516
58534
58554
58570
58586
58602
58622
58640
58664
58684
58701
58717
58743
58769
58794
58815
58838
58864
58884
58902
58919
58936
58955
58976
58993
59015
59035
59059
59080
59102
59127
59147
59167
59192
59209
59225
59247
59265
59282
59301
59319
59342
59362
59381
59403
59419
59442
59465
59482
59507
59526
59550
59569
59585
59611
59636
59656
59676
59694
59712
59727
59748
59770
59788
59807
59829
59850
59871
59892
59914
59934
59962
59980
59997
60013
60031
60049
60068
60088
60105
60127
60148
60169
60188
60207
60230
60252
60277
60293
60312
60334
60353
60381
60402
60424
60444
60463
60481
60499
60518
60545
60571
60591
60608
60628
60649
60667
60686
60703
60722
60741
60759
60778
60797
60813
60829
60853
60872
60888
60907
60929
60947
60964
60982
60999
61015
61033
61052
61068
61088
61110
61129
61149
61168
61187
61204
61222
61242
61260
61280
61306
61329
61348
61373
61395
61415
61432
61453
61471
61493
61509
61529
61547
61564
61582
61603
61622
61644
61667
61685
61708
61735
61754
61779
61796
61816
61835
61859
61879
61906
61932
61951
61971
61989
62006
62023
62041
62057
62075
62098
62122
62141
62159
62184
62214
62236
62259
62279
62302
62319
62336
62356
62376
62394
62416
62432
62448
62464
62481
62496
62515
62531
62550
62566
62582
62605
62622
62650
62670
62691
62713
62731
62748
62766
62783
62799
62816
62841
62863
62885
62903
62925
62944
62964
62985
63006
63023
63043
63062
63089
63114
63131
63149
63166
63186
63207
63230
63257
63291
63315
63331
63349
63370
63388
63414
63431
63449
63470
63489
63509
63528
63546
63567
63583
63599
63616
63637
63661
63679
63697
63715
63734
63755
63772
63796
63816
63835
63853
63873
63891
63909
63928
63951
63978
63997
64016
64035
64060
64086
64115
64140
64164
64183
64204
64225
64254
64283
64313
64336
64357
64385
64406
64437
64459
64483
64506
64529
64547
64570
64595
64611
64638
64659
64680
64702
64720
64744
64765
64792
64815
64842
64862
64880
64900
64927
64951
64974
65003
65030
65053
65076
65100
65124
65147
65166
65186
65207
65228
65252
65270
65298
65320
65339
65361
65382
65412
65440
65462
65487
65514
65538
65562
65579
65600
65622
65647
65668
65690
65709
65737
65759
65789
65812
65838
65857
65882
65900
65922
65944
65969
65991
66012
66031
66053
66073
66099
66126
66150
66174
66197
66226
66251
66276
66298
66323
66349
66375
66399
66423
66441
66456
66477
66498
66517
66539
66562
66587
66605
66621
66643
66668
66698
66717
66747
66771
66797
66820
66839
66860
66888
66912
66931
66950
66975
66995
67017
67039
67057
67076
67103
67123
67156
67189
67214
67240
67260
67277
67305
67327
67352
67373
67387
67401
67421
67447
67472
67502
67536
67564
67587
67614
67635
67659
67693
67719
67741
67766
67791
67813
67834
67854
67875
67893
67910
67935
67958
67979
68002
68019
68042
68059
68086
68104
68127
68148
68168
68193
68215
68238
68256
68275
68298
68327
68351
68378
68402
68424
68453
68482
68502
68527
68551
68574
68593
68607
68629
68644
68660
68676
68694
68718
68735
68757
68776
68795
68814
68837
68858
68875
68897
68921
68945
68969
68991
69016
69039
69061
69083
69102
69127
69146
69164
69187
69213
69230
69249
69267
69296
69323
69346
69367
69385
69406
69423
69441
69462
69482
69507
69528
69547
69569
69589
69613
69627
69641
69656
69672
69691
69718
69741
69769
69798
69825
69852
69873
69891
69928
69954
69986
70007
70029
70050
70072
70093
70110
70129
70147
70171
70200
70219
70240
70263
70278
70301
70316
70343
70370
70397
70420
70442
70464
70494
70511
70536
70555
70575
70594
70610
70625
70639
70653
70669
70687
70714
70736
70759
70778
70798
70816
70837
70865
70886
70910
70941
70960
70988
71015
71041
71062
71086
71115
71137
71158
71183
71201
71225
71245
71266
71285
71304
71323
71349
71368
71393
71411
71431
71450
71471
71490
71513
71530
71546
71564
71586
71604
71624
71649
71677
71703
71732
71766
71797
71821
71856
71893
71915
71943
71967
71993
72011
72034
72054
72078
72104
72130
72157
72180
72202
72227
72253
72272
72297
72316
72336
72358
72384
72409
72430
72448
72464
72481
72495
72516
72536
72557
72575
72599
72624
72645
72664
72683
72699
72718
72738
72759
72787
72813
72836
72860
72883
72910
72930
72945
72966
73000
73018
73040
73060
73100
73134
73151
73171
73192
73213
73232
73249
73273
73302
73330
73350
73367
73389
73410
73435
73461
73481
73497
73517
73538
73557
73575
73598
73627
73645
73664
73691
73718
73741
73762
73789
73805
73825
73852
73867
73888
73911
73934
73961
73981
74000
74022
74042
74063
74087
74109
74128
74148
74170
74191
74215
74235
74258
74280
74303
74322
74340
74365
74391
74412
74439
74463
74485
74515
74538
74563
74587
74608
74632
74655
74677
74703
74727
74754
74782
74805
74829
74853
74875
74895
74910
74931
74951
74980
74998
75016
75036
75058
75077
75106
75126
75151
75172
75201
75222
75253
75285
75308
75333
75357
75381
75416
75440
75460
75484
75508
75537
75561
75579
75597
75616
75638
75666
75691
75715
75734
75758
75783
75810
75833
75852
75875
75893
75913
75939
75963
75985
76004
76027
76049
76065
76088
76110
76132
76161
76174
76190
76207
76227
76248
76270
76293
76315
76338
76356
76380
76398
76419
76441
76457
76485
76513
76536
76561
76580
76604
76625
76647
76668
76689
76712
76737
76760
76781
76803
76827
76850
76867
76889
76914
76934
76959
76991
77014
77042
77068
77089
77114
77139
77163
77185
77203
77224
77251
77273
77302
77323
77351
77375
77396
77417
77438
77455
77472
77491
77512
77530
77549
77572
77592
77612
77638
77661
77682
77698
77721
77745
77769
77784
77804
77822
77847
77867
77887
77914
77939
77960
77984
78001
78021
78042
78060
78076
78095
78114
78135
78154
78173
78199
78226
78255
78287
78314
78336
78356
78378
78400
78419
78449
78480
78522
78550
78569
78592
78610
78633
78653
78670
78691
78708
78737
78759
78782
78810
78830
78848
78872
78893
78918
78940
78960
78985
79004
79017
79042
79064
79084
79103
79132
79154
79184
79211
79239
79261
79284
79313
79337
79362
79386
79415
79439
79460
79483
79507
79526
79549
79573
79594
79618
79638
79664
79685
79709
79732
79759
79780
79801
79824
79843
79869
79889
79915
79948
79973
79999
80027
80050
80075
80098
80121
80141
80162
80181
80201
80226
80252
80276
80298
80326
80352
80372
80396
80418
80439
80462
80481
80499
80516
80536
80555
80572
80591
80612
80638
80659
80676
80696
80714
80737
80758
80785
80806
80826
80846
80870
80890
80917
80937
80957
80974
80997
81015
81033
81054
81078
81099
81120
81147
81170
81190
81215
81244
81264
81286
81304
81325
81342
81362
81382
81404
81423
81451
81470
81497
81519
81537
81557
81580
81611
81631
81656
81676
81696
81720
81742
81760
81778
81800
81821
81847
81863
81889
81905
81934
81953
81972
81997
82010
82027
82046
82069
82091
82114
82132
82156
82174
82202
82225
82247
82270
82288
82310
82335
82356
82381
82410
82434
82456
82479
82503
82528
82554
82575
82595
82618
82636
82659
82680
82708
82736
82764
82790
82808
82835
82856
82884
82908
82928
82948
82974
83000
83020
83037
83057
83074
83095
83115
83142
83168
83192
83213
83234
83258
83282
83312
83344
83374
83401
83421
83442
83461
83486
83510
83531
83551
83572
83592
83610
83634
83651
83670
83692
83711
83727
83746
83765
83786
83806
83829
83853
83875
83904
83928
83951
83973
83994
84013
84038
84060
84083
84101
84120
84139
84163
84193
84218
84238
84259
84282
84305
84330
84353
84375
84394
84415
84438
84462
84480
84498
84519
84538
84559
84580
84599
84622
84643
84661
84683
84700
84720
84736
84756
84778
84803
84822
84847
84866
84888
84903
84924
84950
84977
84996
85015
85032
85048
85076
85098
85116
85132
85148
85168
85188
85208
85229
85253
85276
85297
85316
85338
85362
85385
85409
85427
85445
85463
85485
85504
85525
85546
85574
85597
85620
85648
85664
85699
85718
85740
85763
85783
85803
85823
85842
85857
85877
85897
85921
85942
85963
85983
86002
86025
86043
86066
86087
86106
86131
86147
86166
86192
86211
86236
86259
86281
86303
86325
86347
86368
86385
86408
86431
86457
86476
86493
86511
86528
86551
86578
86600
86624
86643
86662
86684
86708
86732
86749
86775
86801
86818
86838
86864
86885
86905
86934
86961
86982
87009
87032
87053
87077
87104
87123
87146
87169
87188
87211
87232
87254
87275
87296
87320
87343
87367
87400
87431
87456
87483
87504
87535
87554
87582
87601
87619
87642
87671
87689
87714
87743
87756
87774
87795
87816
87836
87856
87875
87895
87915
87937
87965
87987
88008
88033
88056
88072
88091
88111
88140
88163
88190
88215
88237
88255
88283
88315
88345
88363
88381
88404
88427
88444
88467
88492
88517
88534
88554
88575
88600
88621
88638
88664
88683
88703
88723
88736
88756
88777
88797
88816
88835
88863
88884
88912
88932
88955
88977
88998
89017
89033
89054
89078
89100
89124
89152
89176
89194
89216
89237
89255
89279
89308
89333
89357
89373
89394
89411
89433
89453
89473
89495
89512
89533
89556
89574
89596
89617
89639
89662
89683
89706
89727
89748
89768
89793
89814
89834
89854
89878
89900
89923
89944
89965
89990
90011
90032
90050
90070
90096
90131
90151
90174
90197
90216
90236
90257
90275
90297
90317
90338
90353
90371
90392
90412
90431
90447
90473
90492
90509
90530
90546
90563
90584
90606
90627
90646
90664
90688
90713
90739
90762
90779
90801
90823
90844
90863
90888
90905
90929
90950
90970
90988
91010
91030
91050
91072
91099
91121
91146
91166
91188
91208
91230
91248
91266
91287
91306
91329
91357
91385
91416
91444
91463
91485
91513
91531
91551
91577
91605
91625
91647
91668
91688
91708
91727
91750
91776
91792
91811
91832
91850
91876
91898
91921
91954
91977
92019
92039
92060
92085
92107
92122
92144
92162
92177
92191
92217
92237
92256
92276
92297
92313
92337
92357
92384
92409
92434
92455
92477
92499
92519
92538
92558
92582
92608
92629
92656
92673
92701
92720
92740
92762
92784
92802
92820
92847
92872
92892
92921
92947
92968
92986
93008
93027
93052
93073
93100
93128
93164
93198
93234
93259
93281
93298
93320
93340
93356
93378
93401
93423
93449
93474
93496
93520
93540
93560
93586
93607
93631
93653
93674
93702
93722
93741
93764
93782
93810
93841
93865
93895
93917
93947
93970
93992
94018
94038
94065
94086
94106
94131
94158
94178
94197
94219
94242
94268
94287
94318
94342
94365
94386
94408
94427
94451
94469
94490
94516
94539
94561
94583
94612
94640
94666
94690
94714
94737
94766
94791
94810
94842
94860
94879
94903
94929
94950
94977
94996
95028
95052
95078
95096
95124
95145
95165
95187
95203
95222
95253
95275
95305
95326
95350
95378
95401
95427
95450
95473
95502
95524
95544
95562
95587
95607
95631
95652
95673
95694
95717
95737
95759
95777
95798
95820
95851
95870
95890
95909
95936
95956
95977
95997
96019
96043
96061
96081
96101
96121
96141
96154
96168
96186
96214
96235
96259
96282
96308
96336
96355
96372
96394
96418
96437
96461
96491
96517
96543
96573
96595
96619
96642
96667
96690
96709
96730
96749
96771
96791
96814
96830
96854
96881
96902
96934
96956
96976
96997
97019
97042
97067
97084
97104
97124
97144
97166
97190
97211
97228
97244
97264
97286
97310
97334
97360
97385
97403
97426
97447
97476
97503
97521
97539
97561
97585
97602
97625
97646
97664
97689
97711
97730
97750
97770
97788
97806
97820
97836
97856
97875
97894
97915
97936
97952
97975
98004
98028
98048
98066
98084
98113
98132
98158
98181
98205
98225
98245
98265
98292
98309
98331
98348
98366
98390
98412
98437
98460
98480
98498
98520
98551
98579
98601
98625
98648
98681
98704
98733
98756
98775
98796
98814
98836
98864
98884
98907
98929
98948
98976
99000
99024
99043
99067
99089
99116
99139
99156
99177
99201
99218
99237
99258
99276
99294
99330
99354
99375
99395
99416
99433
99462
99483
99504
99529
99558
99572
99596
99617
99635
99655
99671
99688
99711
99730
99750
99767
99794
99815
99846
99872
99898
99921
99941
99969
99994
100019
100045
100071
100097
100125
100148
100170
100194
100218
100243
100274
100298
100323
100347
100369
100394
100432
100459
100483
100506
100535
100561
100585
100608
100635
100661
100691
100710
100735
100760
100779
100798
100819
100846
100868
100888
100920
100945
100970
100999
101028
101056
101082
101104
101126
101150
101175
101199
101227
101250
101269
101301
101329
101361
101383
101403
101424
101449
101471
101496
101519
101538
101561
101583
101604
101626
101647
101671
101688
101712
101729
101753
101772
101801
101824
101847
101864
101884
101903
101925
101952
101968
101989
102007
102026
102048
102065
102089
102110
102130
102161
102183
102201
102226
102255
102273
102292
102312
102334
102353
102376
102404
102425
102453
102484
102502
102533
102555
102576
102606
102628
102651
102669
102691
102712
102730
102754
102777
102799
102821
102842
102867
102888
102911
102933
102953
102975
102997
103016
103036
103056
103080
103097
103118
103137
103158
103182
103205
103230
103249
103280
103303
103321
103339
103356
103385
103411
103428
103449
103466
103487
103514
103542
103561
103584
103600
103620
103641
103677
103698
103719
103747
103774
103803
103822
103844
103870
103895
103919
103945
103963
103984
104009
104025
104042
104061
104083
104112
104133
104158
104177
104197
104213
104239
104261
104288
104306
104331
104356
104375
104398
104422
104444
104470
104491
104521
104545
104572
104594
104618
104640
104668
104687
104714
104743
104770
104789
104810
104835
104858
104880
104909
104928
104952
104970
104994
105017
105038
105055
105080
105103
105123
105153
105173
105193
105211
105230
105253
105280
105305
105329
105357
105382
105402
105422
105444
105470
105493
105514
105530
105544
105565
105588
105613
105637
105665
105685
105704
105727
105751
105776
105799
105815
105839
105861
105880
105907
105930
105954
105981
106002
106016
106034
106056
106085
106103
106125
106141
106163
106184
106211
106229
106250
106272
106295
106318
106340
106362
106398
106419
106441
106465
106487
106512
106529
106552
106577
106603
106631
106649
106675
106700
106727
106758
106784
106802
106826
106851
106881
106907
106939
